第1个路由表
目的距离下一跳
2   2    2
3   3    7
4   4    7
5   5    7
6   1    6
7   1    7
8   4    7
9   6    7
第2个路由表
目的距离下一跳
1   2    1
3   2    3
4   3    3
5   4    3
6   3    1
7   3    1
8   6    1
9   5    3
第3个路由表
目的距离下一跳
1   3    7
2   2    2
4   1    4
5   2    4
6   3    6
7   2    7
8   5    7
9   3    4
第4个路由表
目的距离下一跳
1   4    3
2   3    3
3   1    3
5   1    5
6   4    3
7   3    3
8   4    9
9   2    9
第5个路由表
目的距离下一跳
1   5    4
2   4    4
3   2    4
4   1    4
6   5    6
7   4    4
8   5    4
9   3    4
第6个路由表
目的距离下一跳
1   1    1
2   3    1
3   3    3
4   4    3
5   5    5
7   1    7
8   4    7
9   6    3
第7个路由表
目的距离下一跳
1   1    1
2   3    1
3   2    3
4   3    3
5   4    3
6   1    6
8   3    8
9   5    3
第8个路由表
目的距离下一跳
1   4    7
2   6    7
3   5    7
4   4    9
5   5    9
6   4    7
7   3    7
9   2    9
第9个路由表
目的距离下一跳
1   6    4
2   5    4
3   3    4
4   2    4
5   3    4
6   6    4
7   5    4
8   2    8
